0.005043472725
0.01008694545
0.01513041818
0.0201738909
0.02521736363
0.03026083635
0.03530430908
0.0403477818
0.04539125453
0.05043472725
0.05547819998
0.06556514543
0.07565209088
0.08573903633
0.09582598178
0.1109564
0.1260868181
0.1412172363
0.1613911272
0.1866084908
0.2118258545
0.2420866908
0.2773909999
0.312695309
0.3580865635
0.4085212907
0.4690429634
0.5346081089
0.6102601997
0.6959992361
0.7918252178
0.9078250905
1.033911909
1.180172618
1.346607218
1.538259181
1.760171981
2.007302145
2.29478009
2.622605817
2.995822799
3.419474508
3.903647889
4.458429889
5.093907452
5.820167525
6.647297052
7.595469924
8.674773087
9.905380432
11.31755279
12.92642059
14.76224467
16.86537279
19.26606581
22.0046715
25.13666806
28.71249022
32.79265966
37.4629154
42.7888226
48.87629418
55.83124307
63.77471261
72.84792004
83.21729996
95.05433045
108.5809243
124.0290813
141.6761923
161.8299093
184.8584058
211.1601161
241.2040831
275.5198715
314.722785
359.5037793
410.6496362
469.0782677
535.8235858
612.0607195
699.146363
798.6187756
912.2482161
1042.04703
1190.309998
1359.669812
1553.122295
1774.107096
2026.527863
2314.868242
2644.232228
