347.6136739
216.18634
172.5961519
150.2735451
136.4990037
126.1476253
117.0160773
108.4835722
100.5526728
93.10623492
86.46891253
76.24556182
69.68089298
65.19656185
61.80756078
58.11669035
54.95044756
51.47052055
47.61327339
44.48760992
42.32854612
39.65226251
37.27090034
35.09330535
32.47442043
29.75149276
27.05059259
24.86534607
22.95222986
21.46158124
20.64861148
19.80118363
18.9738757
18.22513111
17.39425766
16.95255088
16.48864584
16.05607347
15.23874459
14.35334313
12.99621624
11.58336752
10.12528312
9.059754226
8.38891015
7.739870692
7.215312125
6.977394405
6.352524276
5.542400342
5.225588259
5.264682541
4.95229387
4.667239813
4.495000763
4.13549305
4.048427689
3.871145303
3.670746715
3.5853918
3.451947554
3.372401626
3.264424901
3.134030038
3.044936596
2.915783758
2.775894836
2.656069632
2.578766717
2.48884342
2.417538857
2.371192336
2.295887277
2.188000799
2.151771014
2.152280754
2.17793753
2.263213465
2.430628821
2.609762143
2.801143567
3.02090954
3.262715757
3.517135904
3.754154374
3.958132237
4.086751623
4.156376732
4.168213413
4.073596306
3.810615247
3.490314103
