0.01905561072
0.01285333848
0.01032055544
0.008861754531
0.007885258029
0.00717334715
0.006624845647
0.006185552165
0.005823484114
0.005518395555
0.005256765452
0.004828834376
0.004490981238
0.004215491554
0.003985283464
0.003701426237
0.003470853325
0.003278751687
0.003066294173
0.002851212412
0.002676060833
0.002503406882
0.002339096096
0.002203642851
0.002060047696
0.001929661308
0.001802067919
0.001689266908
0.001582609522
0.001483618484
0.001392805667
0.00130296827
0.001223257278
0.00114757174
0.00107722282
0.001011149915
0.0009489547814
0.0008926509828
0.0008394677949
0.0007904151515
0.0007453490891
0.0007041756727
0.0006664604356
0.0006320494627
0.00060093233
0.0005731574054
0.0005487816548
0.00052764886
0.0005099233156
0.0004955722639
0.0004845565894
0.0004770013967
0.0004729027441
0.0004722724341
0.0004751265394
0.0004814404727
0.0004912050081
0.0005043737254
0.0005208970933
0.0005407993166
0.0005639864772
0.0005905012728
0.0006203475011
0.0006535499957
0.0006901689428
0.000730308739
0.0007740305957
0.0008215129477
0.0008728865253
0.0009283471327
0.0009880878242
0.001052373471
0.001121434409
0.001195562774
0.001275061943
0.001360284824
0.001451586852
0.001549349006
0.001654017513
0.001766044258
0.001885906458
0.002014139093
0.002151298597
0.002297998929
0.002454884135
0.002622639867
0.002802012799
0.002993789609
0.003198828655
0.003418024508
0.00365235542
0.003902852721
