0.003701661383
0.00611471999
0.007194895492
0.007320378445
0.007046184786
0.006709406407
0.006436648243
0.006182808142
0.005911413913
0.005669086151
0.005463161891
0.005037632259
0.004665004622
0.004415826625
0.004244390093
0.003977736372
0.003767753508
0.003597467825
0.003359256864
0.00314678852
0.002964437576
0.002778902127
0.002607680378
0.00246573085
0.002317033925
0.002181711783
0.002051045963
0.001931585662
0.001817428766
0.001710041803
0.001612043741
0.001515560711
0.001429114299
0.001345663183
0.001266364706
0.001192435013
0.001122954263
0.001060674534
0.001000801134
0.0009469667744
0.0008966226762
0.0008496470938
0.0008074685809
0.0007707641957
0.0007392251591
0.0007123743775
0.0006930301804
0.0006774005544
0.0006657995869
0.0006574520939
0.000653397979
0.0006492670087
0.0006483018657
0.000646992313
0.0006431941198
0.000636807751
0.000631120814
0.0006245700879
0.0006206827831
0.0006200657993
0.0006222989455
0.0006255817666
0.0006308452868
0.0006345952098
0.0006378514143
0.0006421166663
0.0006497785115
0.0006612153294
0.0006748866479
0.0006937978812
0.0007256856087
0.0007635249586
0.0008047968502
0.0008481570502
0.0008874939028
0.0009152963272
0.000930047126
0.0009215932463
0.0008703848843
0.0007620915607
0.0006461389114
0.0005574457386
0.0004964285909
0.0004852628467
0.0005192118778
0.0005674004075
0.0006284960522
0.0007129759127
0.0008074804613
0.0009305819369
0.001058816278
0.001204492155
