541.6546889
420.890872
352.3103435
308.7901507
277.5608872
253.5552979
234.6905009
219.7531755
207.6126254
197.2223559
188.2039371
173.7584478
161.8807319
152.047833
144.0138129
134.2903469
126.4087543
119.6205908
112.527063
104.9583161
98.59868485
92.23927485
86.33202374
81.07529617
74.41987656
67.39356634
60.85529553
55.72701271
50.84780468
47.87830258
48.41119367
48.24255126
47.48769667
47.63932091
47.08951991
45.97838337
44.2841238
42.42394563
38.09379208
33.99244854
29.17035827
24.53823244
20.05190775
17.49755553
17.25722289
15.72080728
14.16086703
14.77359028
14.22963825
11.34754122
10.45338878
11.22416246
9.597951275
8.941236922
8.983047093
7.777869288
7.635228041
7.201287579
6.745957188
6.550150292
6.229516453
6.103993366
6.026530584
5.81307042
5.717099867
5.518807806
5.395450954
5.294336491
5.298942839
5.449558742
5.71579006
6.067683533
6.38676356
6.726473803
7.088227663
7.42874412
7.817640478
8.259327835
8.77593649
9.278925489
9.731242955
10.26001075
10.70948373
11.01596631
11.13101975
11.14185898
10.8219627
10.05436821
8.764586642
7.39735562
6.351653493
5.942178204
