354.5612803
224.4773974
175.5656255
148.5894675
131.0138072
118.4356474
108.8746921
101.2957347
95.09949105
89.91237792
85.48803309
78.29689762
72.6573055
68.08196449
64.27380406
59.59603995
55.80998324
52.66432311
49.19388243
45.68897585
42.84041067
40.03688352
37.37237854
35.17802204
32.85346736
30.74379805
28.67977805
26.85492059
25.12880996
23.52564322
22.05336754
20.5947063
19.29784233
18.06327853
16.91193433
15.82598073
14.79821518
13.86147583
12.96909708
12.13708315
11.36221222
10.64203351
9.967884244
9.335551053
8.743093577
8.189524556
7.674060453
7.191097365
6.741906649
6.323391795
5.931267997
5.566811956
5.227680204
4.911226127
4.617404242
4.345109811
4.092585959
3.859344671
3.644620776
3.447064297
3.266812666
3.102920789
2.9551018
2.823122955
2.706784638
2.605941735
2.520686654
2.450961948
2.396890835
2.358546456
2.336018005
2.329353028
2.338576719
2.363662502
2.404544764
2.461147065
2.533375386
2.62114552
2.724445255
2.843301492
2.977807656
3.128171841
3.294683934
3.477760946
3.677914556
3.895762639
4.132051801
4.38762659
4.663467389
4.960639045
5.280350859
5.623911821
