458.9809462
320.430512
260.5006581
225.1098288
201.0810509
183.4008687
169.690395
158.6567081
149.5287326
141.8143385
135.1827129
124.3050007
115.691162
108.6512131
102.7577122
95.47780308
89.5542257
84.61217178
79.13931301
73.59126731
69.06753426
64.60318206
60.34962223
56.83924816
53.11372543
49.72678978
46.4080734
43.46993845
40.68753155
38.10059036
35.72265043
33.36468552
31.26663328
29.26796527
27.40279877
25.64247476
23.9754772
22.45524222
21.00617186
19.65433306
18.39457676
17.22298872
16.12552427
15.09534677
14.12930212
13.22577872
12.38349117
11.59325832
10.85712348
10.1699699
9.524687125
8.923283793
8.361792992
7.835691343
7.344730788
6.886874624
6.458929528
6.059778761
5.687783847
5.340197987
5.016792022
4.71533747
4.434671386
4.173640253
3.931053892
3.705715246
3.496871854
3.303360471
3.124435266
2.959241556
2.807072767
2.667161505
2.53893602
2.421787308
2.315180772
2.218597619
2.13159536
2.053767989
1.984721489
1.924123988
1.871681894
1.827127285
1.790236262
1.760817045
1.73871902
1.723828609
1.716068596
1.71540079
1.721825389
1.735380801
1.756144897
1.784233481
