0.002800984575
0.00473646775
0.005804437079
0.006229277603
0.006302624485
0.006186807648
0.005964015395
0.005681935756
0.005375278567
0.0050734079
0.004797854689
0.004363431366
0.004069470832
0.003857633245
0.003689108614
0.00349299971
0.003317177971
0.003129351396
0.002917776378
0.002729468993
0.002582124522
0.002408182285
0.002253964759
0.002123619389
0.001982701634
0.001855470853
0.001733951314
0.001626919339
0.001526285712
0.001431071488
0.001345418923
0.001260109179
0.001181040556
0.001104169649
0.001034557227
0.0009684436539
0.0009056643887
0.0008491483558
0.0007971680739
0.000748966908
0.0007052226338
0.000665202887
0.0006292298674
0.0005965318553
0.0005669402975
0.0005390241763
0.0005131893445
0.0004882848347
0.0004679145652
0.0004503778935
0.0004382881645
0.0004285772061
0.0004211343174
0.0004131044511
0.0004058708155
0.000396312525
0.0003863647888
0.0003783165666
0.0003719729336
0.0003679419891
0.0003678003829
0.0003707366317
0.0003752922909
0.000380520832
0.0003859315518
0.0003888895383
0.0003902157663
0.0003937876836
0.0003977880265
0.0004017183985
0.0004242186599
0.0004589079312
0.0004996859893
0.0005467517507
0.0006018228319
0.0006625222924
0.0007318449909
0.0008132541778
0.0009112184779
0.001024699665
0.00114737372
0.001272943966
0.001398809883
0.001521246703
0.001645132502
0.001787339752
0.001968796856
0.00221302325
0.002532610509
0.002930078016
0.003367201685
0.003810691624
