426.6419705
316.36627
263.4395141
231.7989062
210.1000166
193.0659184
179.4317913
167.8231476
157.4394874
148.1128146
140.0559046
127.4697869
117.67292
110.3576552
104.8429984
98.41204241
93.22817446
88.5191989
83.15323292
77.44355339
72.67468433
67.7986994
63.00529998
59.0328644
54.59791783
50.37862319
46.5112725
43.34944564
40.2420602
38.13286327
37.83432815
37.1027313
36.10715668
35.7680702
35.13738504
32.93931494
30.49684198
27.79805002
23.34430683
19.51230466
16.89009937
15.25139578
14.34561452
13.98664364
14.34776662
13.03564807
10.98099699
10.20314965
10.33454517
8.981807871
8.256739185
8.270412956
7.410243522
7.195596119
6.781195522
6.219837076
5.915745104
5.574842503
5.227922488
5.010010088
4.611036593
4.361979392
4.070339421
3.798180032
3.608916062
3.410962601
3.241691264
3.084331804
2.915283451
2.712158879
2.516631493
2.428160919
2.3516296
2.301344545
2.334119113
2.378016007
2.394484809
2.358889155
2.325709374
2.272546814
2.243999169
2.220868603
2.194602833
2.09105253
1.901935111
1.660721032
1.557652927
1.577683495
1.601969676
1.630513538
1.682016181
1.455637712
