0.003285887684
0.005429344456
0.006392435815
0.006517766941
0.006295834191
0.005982977
0.005667940381
0.005373638962
0.005109442055
0.004885391983
0.004695213618
0.004370174325
0.004110429665
0.003913256364
0.003742115149
0.003493088613
0.003289943143
0.003123666461
0.002944952355
0.002744614848
0.00258448329
0.002422997386
0.002272792398
0.002145782532
0.002013426821
0.001896301283
0.001778099817
0.001672649791
0.001571640686
0.001478139282
0.00138985368
0.001302208469
0.001222964184
0.001148647771
0.001080681615
0.001017247359
0.0009611054853
0.0009135377361
0.0008690902449
0.0008281045303
0.0007902154509
0.0007538287244
0.0007196201776
0.0006894383893
0.0006622679565
0.0006378778541
0.0006157059509
0.0005944752114
0.0005759150593
0.0005600488567
0.0005458761846
0.0005331107536
0.000523694549
0.0005179877796
0.0005143908118
0.0005148747275
0.0005185396062
0.0005255826316
0.0005355440877
0.0005475566802
0.000562174513
0.0005803760082
0.0006010097944
0.0006251587096
0.0006542799961
0.0006891082727
0.0007292056111
0.0007746213516
0.0008261112798
0.0008881819556
0.000958130997
0.001039241837
0.001130503252
0.001231342299
0.001334104117
0.001438698538
0.001550304287
0.001669411779
0.001790280238
0.001919028473
0.002056340568
0.002201213823
0.002319165526
0.002409556031
0.002448141472
0.00241644225
0.002308390997
0.002184707008
0.002082860824
0.001981966777
0.002018083415
0.002132503013
