648.2744693
443.33558
357.7888674
308.0229436
274.5169272
249.9961772
231.0525149
215.8496626
203.299452
192.7107506
183.6207649
168.7343477
156.9657089
147.3594061
139.3252981
129.4104699
121.3499794
114.6296617
107.1921019
99.65694719
93.51616746
87.45861768
81.6893507
76.92965039
71.87966642
67.28983729
62.79348221
58.81354342
55.04518124
51.54205821
48.32235636
45.13005117
42.28989838
39.58450574
37.06000632
34.67757077
32.42158825
30.36435294
28.40355175
26.57445997
24.87011816
23.28524646
21.80087262
20.40779105
19.10179217
17.8807669
16.74306133
15.67638088
14.68361407
13.75801218
12.89019839
12.08311569
11.33171759
10.63030583
9.97897798
9.375522831
8.816330234
8.300656737
7.827205538
7.393468256
7.000285907
6.646205633
6.331296089
6.055803827
5.820088374
5.624641761
5.470378224
5.35783381
5.287714421
5.26043088
5.276162291
5.334819311
5.43601262
5.579163674
5.763554407
5.988507954
6.253375648
6.557661906
6.901220937
7.2841145
7.706683719
8.169670806
8.674087877
9.221334829
9.813083553
10.45130196
11.13831131
11.87669046
12.66938287
13.51954697
14.43072845
15.40673219
