0.0163391052
0.01155508113
0.009435982834
0.008172925654
0.007311093023
0.006675002691
0.006180701904
0.005782312526
0.005452366296
0.005173280088
0.004933207133
0.004539137966
0.004226868603
0.003971542234
0.003757734272
0.003493576559
0.003278613558
0.00309927233
0.00290069203
0.002699434511
0.002535395742
0.002373588761
0.00221952059
0.002092466513
0.001957746255
0.001835406106
0.001715688999
0.001609864516
0.001509824941
0.001417002194
0.00133187551
0.001247691909
0.001173020745
0.001102135955
0.001036252658
0.0009743599594
0.0009160612969
0.0008632172522
0.0008131938583
0.0007668968047
0.0007241424613
0.0006847876913
0.0006483525527
0.0006146074301
0.0005834468537
0.0005548136497
0.0005286565967
0.0005046820276
0.0004829424527
0.0004632722678
0.0004454614449
0.000429558473
0.0004154465939
0.0004030085921
0.000392238218
0.0003830889275
0.0003755031581
0.0003694755381
0.0003650008149
0.0003620808028
0.0003607602377
0.0003610891779
0.0003631506673
0.0003670539881
0.0003729410818
0.000380994696
0.0003914234975
0.0004045008833
0.0004205323211
0.0004398885578
0.0004629913401
0.0004903476983
0.0005225149201
0.0005601476814
0.0006039864466
0.0006548893901
0.0007138197869
0.000781872156
0.0008603201373
0.0009505974842
0.001054332503
0.001173404006
0.001309942576
0.001466400669
0.001645567561
0.001850625736
0.00208522837
0.002353534934
0.002660323609
0.003011019759
0.003411857379
0.003869935516
