0.01776217501
0.01256739204
0.01026753699
0.008897419848
0.007962991096
0.007273653077
0.006738231437
0.006306906787
0.005949854196
0.005647983895
0.005388435296
0.004962694436
0.004625647377
0.004350321657
0.004119983193
0.00383573118
0.003604739883
0.003412294787
0.003199546236
0.002984371449
0.002809388798
0.002637213306
0.002473747268
0.002339361397
0.002197362375
0.0020689403
0.001943856763
0.001833865608
0.001730481867
0.001635170169
0.001548375494
0.001463225348
0.001388365186
0.001317982581
0.001253259411
0.001193162684
0.001137278252
0.001087317684
0.001040718481
0.0009982719339
0.0009597272351
0.0009248654146
0.0008931725204
0.0008643649537
0.0008382662397
0.0008147366612
0.0007936372684
0.0007746363199
0.0007576816879
0.0007425504905
0.0007289928428
0.0007169599193
0.0007062802595
0.0006967855076
0.0006883939589
0.0006809958927
0.0006744719253
0.0006687434753
0.000663729935
0.0006593440496
0.0006555378551
0.0006522446993
0.000649417385
0.0006470144805
0.0006450000666
0.0006433443466
0.0006420266893
0.0006410297344
0.0006403451901
0.0006399710739
0.0006399136002
0.0006401878743
0.0006408191623
0.0006418447761
0.0006433162072
0.0006453027333
0.0006478943208
0.0006512065668
0.0006553881506
0.0006606261949
0.00066715521
0.0006752691038
0.0006853311208
0.0006977893817
0.0007131891708
0.0007321878365
0.0007555707568
0.0007842610378
0.000819333366
0.0008620147536
0.000913696353
0.000975930568
